name: base
channels:
  - pytorch
  - conda-forge
  - defaults
dependencies:
  - amqp=2.4.1=py_0
  - asn1crypto=0.24.0=py37_0
  - billiard=3.5.0.4=py37h14c3975_1000
  - blas=1.0=mkl
  - bzip2=1.0.6=h14c3975_1002
  - ca-certificates=2018.11.29=ha4d7672_0
  - celery=4.2.1=py_0
  - certifi=2018.11.29=py37_1000
  - cffi=1.11.5=py37he75722e_1
  - chardet=3.0.4=py37_1
  - conda=4.6.7=py37_0
  - conda-env=2.6.0=1
  - cryptography=2.4.2=py37h1ba5d50_0
  - cudatoolkit=9.0=h13b8566_0
  - ffmpeg=4.1=h6dce934_1001
  - freetype=2.9.1=h8a8886c_1
  - gettext=0.19.8.1=h9745a5d_1001
  - gmp=6.1.2=hf484d3e_1000
  - gnutls=3.6.5=hd3a4fd2_1001
  - idna=2.8=py37_0
  - intel-openmp=2019.1=144
  - jpeg=9b=h024ee3a_2
  - kombu=4.2.1=py_0
  - libedit=3.1.20170329=h6b74fdf_2
  - libffi=3.2.1=hd88cf55_4
  - libflac=1.3.1=hf484d3e_1002
  - libgcc-ng=8.2.0=hdf63c60_1
  - libgfortran-ng=7.3.0=hdf63c60_0
  - libiconv=1.15=h14c3975_1004
  - libogg=1.3.2=h14c3975_1001
  - libpng=1.6.36=hbc83047_0
  - libsndfile=1.0.28=hf484d3e_1000
  - libstdcxx-ng=8.2.0=hdf63c60_1
  - libtiff=4.0.10=h2733197_2
  - libvorbis=1.3.5=h14c3975_1001
  - llvmlite=0.26.0=py37hdbcaa40_1000
  - logzero=1.5.0=py37_1001
  - mkl=2019.1=144
  - mkl_fft=1.0.10=py37ha843d7b_0
  - mkl_random=1.0.2=py37hd81dba3_0
  - ncurses=6.1=he6710b0_1
  - nettle=3.4.1=h14c3975_1002
  - ninja=1.8.2=py37h6bb024c_1
  - numba=0.41.0=py37h637b7d7_1000
  - numpy=1.15.4=py37h7e9f1db_0
  - numpy-base=1.15.4=py37hde5b4d6_0
  - olefile=0.46=py37_0
  - openh264=1.8.0=hdbcaa40_1000
  - openssl=1.1.1a=h14c3975_1000
  - pillow=5.4.1=py37h34e0f95_0
  - pip=18.1=py37_0
  - pycosat=0.6.3=py37h14c3975_0
  - pycparser=2.19=py37_0
  - pydub=0.23.1=py_0
  - pyopenssl=18.0.0=py37_0
  - pysocks=1.6.8=py37_0
  - pysoundfile=0.10.2=pyh14c3975_1000
  - python=3.7.1=h0371630_7
  - pytorch=1.0.1=py3.7_cuda9.0.176_cudnn7.4.2_2
  - pytz=2018.9=py_0
  - pyyaml=3.13=py37h14c3975_0
  - readline=7.0=h7b6447c_5
  - requests=2.21.0=py37_0
  - resampy=0.2.1=py_1
  - ruamel_yaml=0.15.46=py37h14c3975_0
  - scikit-learn=0.20.2=py37hd81dba3_0
  - scipy=1.2.1=py37h7c811a0_0
  - setuptools=40.8.0=py37_0
  - simplejson=3.16.0=py37h14c3975_1002
  - six=1.12.0=py37_0
  - sqlalchemy=1.2.18=py37h14c3975_0
  - sqlite=3.26.0=h7b6447c_0
  - tk=8.6.8=hbc83047_0
  - torchvision=0.2.1=py_2
  - urllib3=1.24.1=py37_0
  - vine=1.2.0=py_0
  - wheel=0.32.3=py37_0
  - x264=1!152.20180717=h14c3975_1001
  - xz=5.2.4=h14c3975_4
  - yaml=0.1.7=had09818_2
  - zlib=1.2.11=h7b6447c_3
  - zstd=1.3.7=h0b5b093_0
  - pip:
    - ffmpeg-python==0.1.17
    - future==0.17.1
    - kenlm==0.0.0
    - python-speech-features==0.6
    - redis==3.2.0
    - webrtcvad==2.0.10

